{
 "cells": [
  {
   "cell_type": "code",
   "execution_count": 46,
   "metadata": {},
   "outputs": [],
   "source": [
    "from cvxopt import matrix, solvers\n",
    "import numpy as np"
   ]
  },
  {
   "cell_type": "code",
   "execution_count": null,
   "metadata": {},
   "outputs": [],
   "source": [
    "P = matrix([[4.0,1.0],[1.0,2.0]])\n",
    "q = matrix([1.0,1.0])\n",
    "G = matrix([[-1.0,0.0],[0.0,-1.0]])\n",
    "h = matrix([0.0,0.0])\n",
    "A = matrix([1.0,1.0],(1,2))#原型为cvxopt.matrix(array,dims)，等价于A = matrix([[1.0],[1.0]]）\n",
    "b = matrix([1.0])\n"
   ]
  },
  {
   "cell_type": "code",
   "execution_count": 6,
   "metadata": {},
   "outputs": [],
   "source": [
    "P = matrix([[181.944070165000,-21.8739449352571,-24.2189526569424,-27.1586645028622,-30.9513936329575,-36.0299554287500,-43.1784625750000,-53.9777495000000,-72.1542500000000],\n",
    "           [-21.8739449352571,3.58916515039715,3.82684404668389,4.10115292964431,4.42124931259166,4.79962071217121,5.25374965002500,5.80888865556667,6.50291652083750],\n",
    "           [-24.2189526569424,3.82684404668389,4.10115292964431,4.42124931259166,4.79962071217121,5.25374965002500,5.80888865556667,6.50291652083750,7.39535705952500],\n",
    "           [-27.1586645028622,4.10115292964431,4.42124931259166,4.79962071217121,5.25374965002500,5.80888865556667,6.50291652083750,7.39535705952500,8.58541662500000],\n",
    "           [-30.9513936329575,4.42124931259166,4.79962071217121,5.25374965002500,5.80888865556667,6.50291652083750,7.39535705952500,8.58541662500000,10.2516666500000],\n",
    "           [-36.0299554287500,4.79962071217121,5.25374965002500,5.80888865556667,6.50291652083750,7.39535705952500,8.58541662500000,10.2516666500000,12.7512500000000],\n",
    "           [-43.1784625750000,5.25374965002500,5.80888865556667,6.50291652083750,7.39535705952500,8.58541662500000,10.2516666500000,12.7512500000000,16.9175000000000],\n",
    "           [-53.9777495000000,5.80888865556667,6.50291652083750,7.39535705952500,8.58541662500000,10.2516666500000,12.7512500000000,16.9175000000000,25.2500000000000],\n",
    "           [-72.1542500000000,6.50291652083750,7.39535705952500,8.58541662500000,10.2516666500000,12.7512500000000,16.9175000000000,25.2500000000000,50.5000000000000]\n",
    "           ]\n",
    "          )"
   ]
  },
  {
   "cell_type": "code",
   "execution_count": 18,
   "metadata": {},
   "outputs": [],
   "source": [
    "q = matrix([0.0,0.0,0.0,0.0,0.0,0.0,0.0,0.0,0.0])"
   ]
  },
  {
   "cell_type": "code",
   "execution_count": 59,
   "metadata": {},
   "outputs": [],
   "source": [
    "G = matrix([0.0,0.0,0.0,0.0,0.0,0.0,0.0,0.0,0.0],(1,9))\n",
    "h = matrix([1.0])"
   ]
  },
  {
   "cell_type": "code",
   "execution_count": 60,
   "metadata": {},
   "outputs": [
    {
     "data": {
      "text/plain": [
       "(1, 9)"
      ]
     },
     "execution_count": 60,
     "metadata": {},
     "output_type": "execute_result"
    }
   ],
   "source": [
    "np.shape(G)"
   ]
  },
  {
   "cell_type": "code",
   "execution_count": 80,
   "metadata": {},
   "outputs": [],
   "source": [
    "a = [[0.0,0.0,0.0,0.0,0.0,0.0,0.0,0.0,1.0],\n",
    "              [0.0,1.0,1.0,1.0,1.0,1.0,1.0,1.0,1.0],\n",
    "              [0.0,0.0,0.0,0.0,0.0,0.0,0.0,1.0,0.0],\n",
    "              [0.0,7.0,6.0,5.0,4.0,3.0,2.0,1.0,0.0],\n",
    "              [1.0,0.0,0.0,0.0,0.0,0.0,0.0,0.0,0.0]]"
   ]
  },
  {
   "cell_type": "code",
   "execution_count": 117,
   "metadata": {},
   "outputs": [],
   "source": [
    "a1 = np.mat(a)"
   ]
  },
  {
   "cell_type": "code",
   "execution_count": 118,
   "metadata": {},
   "outputs": [
    {
     "name": "stdout",
     "output_type": "stream",
     "text": [
      "[[0. 0. 0. 0. 1.]\n",
      " [0. 1. 0. 7. 0.]\n",
      " [0. 1. 0. 6. 0.]\n",
      " [0. 1. 0. 5. 0.]\n",
      " [0. 1. 0. 4. 0.]\n",
      " [0. 1. 0. 3. 0.]\n",
      " [0. 1. 0. 2. 0.]\n",
      " [0. 1. 1. 1. 0.]\n",
      " [1. 1. 0. 0. 0.]]\n"
     ]
    }
   ],
   "source": [
    "print(a1.T)"
   ]
  },
  {
   "cell_type": "code",
   "execution_count": 152,
   "metadata": {},
   "outputs": [],
   "source": [
    "a11=a1.T"
   ]
  },
  {
   "cell_type": "code",
   "execution_count": 153,
   "metadata": {},
   "outputs": [
    {
     "data": {
      "text/plain": [
       "[[0.0, 0.0, 0.0, 0.0, 1.0],\n",
       " [0.0, 1.0, 0.0, 7.0, 0.0],\n",
       " [0.0, 1.0, 0.0, 6.0, 0.0],\n",
       " [0.0, 1.0, 0.0, 5.0, 0.0],\n",
       " [0.0, 1.0, 0.0, 4.0, 0.0],\n",
       " [0.0, 1.0, 0.0, 3.0, 0.0],\n",
       " [0.0, 1.0, 0.0, 2.0, 0.0],\n",
       " [0.0, 1.0, 1.0, 1.0, 0.0],\n",
       " [1.0, 1.0, 0.0, 0.0, 0.0]]"
      ]
     },
     "execution_count": 153,
     "metadata": {},
     "output_type": "execute_result"
    }
   ],
   "source": [
    "a11 = a11.tolist()"
   ]
  },
  {
   "cell_type": "code",
   "execution_count": 151,
   "metadata": {},
   "outputs": [
    {
     "name": "stdout",
     "output_type": "stream",
     "text": [
      "[ 0.00e+00  0.00e+00  0.00e+00  0.00e+00  0.00e+00  0.00e+00  0.00e+00 ... ]\n",
      "[ 0.00e+00  1.00e+00  1.00e+00  1.00e+00  1.00e+00  1.00e+00  1.00e+00 ... ]\n",
      "[ 0.00e+00  0.00e+00  0.00e+00  0.00e+00  0.00e+00  0.00e+00  0.00e+00 ... ]\n",
      "[ 0.00e+00  7.00e+00  6.00e+00  5.00e+00  4.00e+00  3.00e+00  2.00e+00 ... ]\n",
      "[ 1.00e+00  0.00e+00  0.00e+00  0.00e+00  0.00e+00  0.00e+00  0.00e+00 ... ]\n",
      "\n"
     ]
    }
   ],
   "source": [
    "print(matrix(a11))"
   ]
  },
  {
   "cell_type": "code",
   "execution_count": 107,
   "metadata": {},
   "outputs": [
    {
     "name": "stdout",
     "output_type": "stream",
     "text": [
      "[ 0.00e+00  0.00e+00  0.00e+00  0.00e+00  1.00e+00]\n",
      "[ 0.00e+00  1.00e+00  0.00e+00  7.00e+00  0.00e+00]\n",
      "[ 0.00e+00  1.00e+00  0.00e+00  6.00e+00  0.00e+00]\n",
      "[ 0.00e+00  1.00e+00  0.00e+00  5.00e+00  0.00e+00]\n",
      "[ 0.00e+00  1.00e+00  0.00e+00  4.00e+00  0.00e+00]\n",
      "[ 0.00e+00  1.00e+00  0.00e+00  3.00e+00  0.00e+00]\n",
      "[ 0.00e+00  1.00e+00  0.00e+00  2.00e+00  0.00e+00]\n",
      "[ 0.00e+00  1.00e+00  1.00e+00  1.00e+00  0.00e+00]\n",
      "[ 1.00e+00  1.00e+00  0.00e+00  0.00e+00  0.00e+00]\n",
      "\n"
     ]
    }
   ],
   "source": [
    "A1 = matrix(a1)\n",
    "print(A1)"
   ]
  },
  {
   "cell_type": "code",
   "execution_count": 124,
   "metadata": {},
   "outputs": [],
   "source": [
    "a2 = [[0., 0., 0., 0., 1.],\n",
    "       [0., 1., 0., 7., 0.],\n",
    "       [0., 1., 0., 6., 0.],\n",
    "       [0., 1., 0., 5., 0.],\n",
    "       [0., 1., 0., 4., 0.],\n",
    "       [0., 1., 0., 3., 0.],\n",
    "       [0., 1., 0., 2., 0.],\n",
    "       [0., 1., 1., 1., 0.],\n",
    "       [1., 1., 0., 0., 0.]]"
   ]
  },
  {
   "cell_type": "code",
   "execution_count": 125,
   "metadata": {},
   "outputs": [],
   "source": [
    "A = matrix(a2)"
   ]
  },
  {
   "cell_type": "code",
   "execution_count": 126,
   "metadata": {},
   "outputs": [
    {
     "name": "stdout",
     "output_type": "stream",
     "text": [
      "[ 0.00e+00  0.00e+00  0.00e+00  0.00e+00  0.00e+00  0.00e+00  0.00e+00 ... ]\n",
      "[ 0.00e+00  1.00e+00  1.00e+00  1.00e+00  1.00e+00  1.00e+00  1.00e+00 ... ]\n",
      "[ 0.00e+00  0.00e+00  0.00e+00  0.00e+00  0.00e+00  0.00e+00  0.00e+00 ... ]\n",
      "[ 0.00e+00  7.00e+00  6.00e+00  5.00e+00  4.00e+00  3.00e+00  2.00e+00 ... ]\n",
      "[ 1.00e+00  0.00e+00  0.00e+00  0.00e+00  0.00e+00  0.00e+00  0.00e+00 ... ]\n",
      "\n"
     ]
    }
   ],
   "source": [
    "print(A)"
   ]
  },
  {
   "cell_type": "code",
   "execution_count": 122,
   "metadata": {},
   "outputs": [],
   "source": [
    "b = matrix([0,4.1086,0,7.5816,1])"
   ]
  },
  {
   "cell_type": "code",
   "execution_count": 127,
   "metadata": {},
   "outputs": [
    {
     "name": "stdout",
     "output_type": "stream",
     "text": [
      "     pcost       dcost       gap    pres   dres\n",
      " 0:  1.8116e-08 -1.0000e+00  1e+00  2e-12  6e-14\n",
      " 1:  1.8116e-08 -1.0000e-02  1e-02  2e-14  4e-14\n",
      " 2:  1.8116e-08 -9.9982e-05  1e-04  3e-16  3e-14\n",
      " 3:  1.8116e-08 -9.8188e-07  1e-06  2e-16  5e-14\n",
      " 4:  1.8116e-08  8.1164e-09  1e-08  1e-24  3e-14\n",
      "Optimal solution found.\n"
     ]
    }
   ],
   "source": [
    "result = solvers.qp(P,q,G,h,A,b)"
   ]
  },
  {
   "cell_type": "code",
   "execution_count": 105,
   "metadata": {},
   "outputs": [
    {
     "name": "stdout",
     "output_type": "stream",
     "text": [
      "[ 1.00e+00]\n",
      "[-1.66e-02]\n",
      "[ 4.34e-02]\n",
      "[-3.66e-02]\n",
      "[ 8.56e-03]\n",
      "[-6.34e-01]\n",
      "[ 4.74e+00]\n",
      "[ 1.12e-23]\n",
      "[ 3.42e-25]\n",
      "\n"
     ]
    }
   ],
   "source": [
    "print(result[\"x\"])"
   ]
  }
 ],
 "metadata": {
  "kernelspec": {
   "display_name": "Python 3",
   "language": "python",
   "name": "python3"
  },
  "language_info": {
   "codemirror_mode": {
    "name": "ipython",
    "version": 3
   },
   "file_extension": ".py",
   "mimetype": "text/x-python",
   "name": "python",
   "nbconvert_exporter": "python",
   "pygments_lexer": "ipython3",
   "version": "3.8.3"
  }
 },
 "nbformat": 4,
 "nbformat_minor": 4
}
